0 0.5564903846153846 0.33413461538461536 0.06009615384615385 0.15865384615384615
0 0.16947115384615385 0.3629807692307692 0.0625 0.21033653846153846
0 0.38822115384615385 0.4254807692307692 0.06370192307692307 0.22115384615384615
0 0.2620192307692308 0.5168269230769231 0.06129807692307692 0.3269230769230769
0 0.17307692307692307 0.5853365384615384 0.054086538461538464 0.19110576923076922
0 0.47115384615384615 0.6045673076923077 0.042067307692307696 0.2848557692307692
0 0.6706730769230769 0.6911057692307693 0.11298076923076923 0.2692307692307692
0 0.10817307692307693 0.6995192307692307 0.06370192307692307 0.22235576923076922
0 0.3245192307692308 0.7427884615384616 0.037259615384615384 0.22115384615384615
0 0.5420673076923077 0.7704326923076923 0.056490384615384616 0.203125
0 0.46875 0.8449519230769231 0.06610576923076923 0.22235576923076922
0 0.2860576923076923 0.2620192307692308 0.0829326923076923 0.1502403846153846
0 0.640625 0.27403846153846156 0.09975961538461539 0.16706730769230768