0 0.6358173076923077 0.17427884615384615 0.06129807692307692 0.20192307692307693
0 0.7259615384615384 0.22235576923076922 0.028846153846153848 0.1814903846153846
0 0.6430288461538461 0.5576923076923077 0.026442307692307692 0.12259615384615384
0 0.23557692307692307 0.5913461538461539 0.055288461538461536 0.23317307692307693
0 0.5697115384615384 0.59375 0.11538461538461539 0.15865384615384615
0 0.4230769230769231 0.6045673076923077 0.04567307692307692 0.24639423076923078
0 0.4639423076923077 0.6262019230769231 0.039663461538461536 0.2644230769230769
0 0.16947115384615385 0.6442307692307693 0.09254807692307693 0.20673076923076922
0 0.9615384615384616 0.6514423076923077 0.055288461538461536 0.2932692307692308
0 0.7572115384615384 0.7259615384615384 0.056490384615384616 0.2980769230769231
0 0.36658653846153844 0.7692307692307693 0.051682692307692304 0.17908653846153846
0 0.078125 0.7692307692307693 0.06370192307692307 0.17668269230769232
0 0.6310096153846154 0.8088942307692307 0.0733173076923077 0.2956730769230769