0 0.2824519230769231 0.27524038461538464 0.07932692307692307 0.13822115384615385
0 0.38100961538461536 0.4014423076923077 0.10576923076923077 0.11778846153846154
0 0.6947115384615384 0.41586538461538464 0.06971153846153846 0.09375
0 0.8413461538461539 0.4495192307692308 0.0985576923076923 0.11057692307692307
0 0.546875 0.4699519230769231 0.10096153846153846 0.13701923076923078
0 0.43149038461538464 0.5733173076923077 0.038461538461538464 0.13221153846153846
0 0.9086538461538461 0.625 0.078125 0.1346153846153846
0 0.3269230769230769 0.6911057692307693 0.052884615384615384 0.0673076923076923
0 0.5456730769230769 0.8677884615384616 0.10336538461538461 0.12259615384615384
0 0.7704326923076923 0.8786057692307693 0.0733173076923077 0.12379807692307693
0 0.35336538461538464 0.8954326923076923 0.0673076923076923 0.1201923076923077
0 0.42788461538461536 0.9026442307692307 0.0733173076923077 0.12259615384615384
0 0.265625 0.9038461538461539 0.040865384615384616 0.1346153846153846